CID
58
107
125
126
135
176
177
179
180
196
199
222
239
240
241
243
244
261
262
263
264
273
284
289
311
323
325
326
332
335
338
342
356
379
454
460
525
527
602
612
650
660
674
679
700
702
712
750
753
795
798
876
878
880
887
931
957
984
985
994
996
998
999
1001
1030
1031
1032
1045
1048
1060
1068
1110
1123
1136
1140
1146
1182
1183
1254
1491
2214
2345
2537
2682
2758
2879
2969
3026
3102
3314
3485
3776
3893
4133
4284
4685
4943
4947
5054
5281
5634
5779
5780
5785
5862
5950
5962
6050
6054
6057
6106
6140
6184
6202
6228
6276
6287
6306
6322
6329
6341
6348
6417
6448
6493
6501
6505
6506
6544
6548
6549
6556
6557
6558
6560
6561
6562
6568
6569
6570
6584
6590
6654
6658
6669
6736
6753
6781
6826
6858
6873
6874
6877
6915
6920
6930
6943
6981
6985
6986
6987
6988
6989
6998
7007
7017
7041
7043
7048
7092
7119
7122
7127
7129
7136
7137
7144
7146
7147
7148
7150
7151
7165
7170
7184
7193
7194
7222
7237
7247
7249
7267
7282
7284
7288
7296
7302
7334
7335
7336
7341
7342
7343
7351
7353
7359
7360
7361
7362
7393
7406
7407
7409
7410
7413
7438
7439
7456
7462
7463
7465
7473
7476
7500
7501
7505
7515
7519
7559
7583
7590
7592
7593
7599
7600
7601
7602
7635
7641
7643
7646
7650
7651
7654
7655
7658
7662
7671
7678
7695
7702
7704
7705
7707
7708
7710
7711
7714
7720
7725
7731
7734
7738
7742
7749
7755
7758
7761
7762
7765
7766
7770
7771
7772
7775
7778
7792
7793
7794
7795
7797
7799
7800
7802
7803
7809
7820
7823
7824
7826
7852
7865
7888
7892
7894
7895
7909
7910
7915
7916
7921
7929
7945
7947
7957
7958
7962
7966
7967
7974
7981
7983
7989
7991
7997
8003
8007
8021
8025
8030
8034
8038
8042
8048
8049
8050
8051
8052
8058
8060
8063
8073
8078
8082
8091
8092
8093
8094
8102
8103
8122
8125
8129
8130
8133
8134
8137
8138
8139
8141
8146
8158
8159
8163
8164
8167
8169
8174
8175
8176
8180
8181
8182
8183
8184
8186
8187
8193
8194
8201
8205
8207
8221
8222
8257
8294
8314
8347
8361
8363
8364
8365
8369
8375
8391
8400
8419
8438
8452
8467
8468
8469
8471
8499
8500
8554
8615
8635
8655
8657
8697
8698
8723
8724
8763
8785
8792
8794
8815
8821
8833
8834
8835
8842
8846
8857
8858
8863
8864
8868
8878
8892
8900
8907
8908
8914
8918
9015
9016
9017
9020
9025
9075
9231
9258
9473
9589
9862
9895
10024
10049
10106
10108
10225
10231
10248
10263
10315
10351
10364
10371
10402
10408
10430
10448
10453
10534
10545
10566
10582
10583
10657
10686
10703
10720
10722
10748
10797
10869
10882
10883
10885
10886
10890
10895
10907
10931
10957
10976
11000
11005
11006
11038
11039
11086
11124
11142
11160
11173
11196
11230
11233
11250
11251
11261
11262
11335
11363
11370
11419
11428
11461
11463
11467
11508
11509
11514
11517
11519
11520
11525
11527
11529
11552
11559
11567
11569
11582
11583
11597
11610
11614
11622
11635
11732
11747
11781
11902
11903
11920
11980
12020
12041
12053
12072
12097
12100
12105
12146
12160
12170
12178
12180
12187
12203
12206
12209
12210
12232
12247
12248
12278
12291
12293
12294
12296
12297
12327
12329
12348
12366
12367
12388
12389
12391
12393
12395
12397
12398
12401
12403
12405
12406
12462
12506
12508
12529
12530
12531
12534
12570
12571
12580
12587
12592
12613
12729
12741
12756
12777
12810
12813
12844
12986
12988
13143
13181
13187
13190
13216
13357
13381
13533
13534
13546
13561
13572
13576
13577
13587
13594
13625
13642
13654
13849
14079
14104
14228
14242
14254
14257
14260
14263
14265
14282
14286
14296
14328
14475
14489
14505
14511
14514
14525
14896
14925
15094
15146
15229
15265
15268
15380
15394
15406
15448
15506
15570
15600
15605
15606
15607
15717
16224
16237
16255
16296
16299
16324
16330
16331
16402
16441
16537
16592
16617
16666
16724
16821
16840
16846
16872
16913
17000
17008
17016
17095
17100
17121
17129
17262
17355
17525
17617
17691
17739
17816
17868
17898
18027
18467
18522
18554
18635
18648
18693
18698
18818
18826
18827
18938
18940
19137
19188
19309
19310
19602
19707
19725
19844
20083
20138
20219
20358
20508
20534
20653
20745
20748
20861
20928
21057
21059
21205
21265
21363
21574
21596
21648
22172
22227
22310
22311
22386
22512
22556
22629
22873
23217
23235
23238
23367
23518
24020
24114
24116
24117
24197
24433
24473
24834
24838
25311
25611
25913
26334
26396
26447
26808
27209
27683
27866
27867
27892
28930
28965
29025
29073
29075
29096
29746
30181
30231
30247
30248
30771
30914
31210
31211
31219
31225
31226
31229
31231
31234
31236
31241
31242
31244
31245
31246
31249
31251
31252
31253
31254
31256
31260
31265
31266
31268
31272
31275
31276
31283
31284
31285
31289
31291
31340
31353
31367
31373
31404
31954
32093
32594
32735
32786
33032
33094
33135
33166
33637
33740
33931
33960
33961
34320
36081
37066
37109
38679
39801
40923
41838
43263
60968
60979
60983
60985
60998
60999
61005
61007
61014
61015
61016
61020
61024
61027
61030
61031
61040
61041
61048
61052
61054
61079
61096
61098
61124
61126
61130
61137
61138
61151
61155
61166
61167
61177
61183
61184
61185
61192
61199
61200
61229
61235
61240
61252
61262
61290
61293
61294
61303
61304
61319
61325
61331
61334
61337
61346
61375
61384
61386
61408
61410
61416
61417
61447
61448
61450
61451
61455
61466
61516
61523
61527
61592
61633
61634
61641
61658
61662
61663
61664
61743
61771
61780
61809
61812
61814
61840
61845
61918
61922
61926
61953
61955
61982
61984
61985
62003
62013
62024
62087
62089
62098
62321
62326
62328
62332
62341
62348
62367
62374
62378
62388
62433
62445
62453
62465
62484
62539
62553
62566
62572
62578
62580
62583
62592
62661
62752
62835
62900
62901
62902
64805
65413
65575
66841
66948
67284
67328
67524
68126
68231
68255
68316
68346
68490
69301
69423
69460
69968
70694
71474
71590
73750
74008
75024
75189
75232
75263
75486
75735
76551
77844
77907
77932
78167
78199
78435
78879
78925
79035
79044
79554
79828
80018
80108
80148
80208
80356
80790
80922
81221
81263
81788
81964
82511
83069
83797
84338
84880
85522
85567
85568
85734
85755
85788
85789
86608
86751
87529
88068
88261
88290
88454
89440
89488
89594
90266
90806
91195
91354
91457
91508
91849
92221
92776
92780
92831
92927
92998
93081
93236
93375
93447
93838
94060
94094
94147
94164
94349
94403
95392
95609
97829
97881
97883
98346
99748
100031
100197
101604
101708
102611
102861
102910
103005
103589
103788
104659
104721
106729
106757
106997
107217
108507
111037
111452
114416
117301
119838
121719
122371
122941
123525
123543
125468
136330
138758
142266
143345
144263
145742
153725
153751
158410
158825
159055
160226
160799
164888
165266
165675
169110
169563
170833
170977
173534
173840
177050
178406
183870
208867
219672
219794
220118
220674
221194
221641
221691
225936
226486
227829
228769
229377
229385
229387
229888
235414
237332
238498
240119
240925
243783
246728
246929
250096
251531
252322
256348
261491
267569
280943
287439
300689
341779
369312
409683
429065
439263
439570
440909
441245
441558
442347
442355
442359
442393
442409
442462
442463
442478
442495
443156
443158
443162
443167
444305
444539
444972
445070
445639
445858
517044
517045
517055
517653
517827
518689
519382
519709
519786
519793
519845
519857
519890
519891
519893
519960
520098
520108
520148
520191
520296
520326
520383
520682
520888
521064
521238
521314
521355
521364
521496
521790
521926
522077
522214
522673
522676
527113
527268
527409
527424
528708
529253
529383
529885
530421
530428
534462
537682
538506
539829
543619
544067
545106
545608
547972
549519
549687
551316
554151
556492
556940
557223
561870
562671
563337
564546
564956
565690
569214
570574
570908
576240
578221
578423
579336
601946
605629
636523
637511
637517
637520
637523
637563
637564
637566
637758
637759
637776
638011
638014
638024
638054
638069
638132
641248
641256
641297
641423
642322
642376
643001
643318
643460
643731
643779
643820
643949
778574
853433
1130028
1549018
1549019
1549025
1549026
1549045
1549107
1549108
1549109
1549521
1549778
1550470
1550890
1551480
1712087
1713001
2723636
2724159
2724161
2735139
3015816
3019319
3021157
3083939
3084331
3321360
3354132
3578033
4564493
4647294
4682590
5084146
5271566
5273464
5273467
5273469
5275520
5280341
5280450
5280598
5281129
5281162
5281163
5281165
5281168
5281516
5281517
5281519
5281520
5281522
5282108
5282109
5282110
5283321
5283329
5283339
5283345
5283361
5284421
5284507
5312351
5312367
5315347
5315406
5315589
5315592
5315594
5315722
5315892
5315976
5316534
5316893
5317570
5317844
5317845
5318557
5318599
5319067
5319754
5321422
5321950
5323650
5323652
5324489
5352162
5352243
5352371
5352450
5352469
5352470
5352601
5352772
5352773
5352799
5352812
5352846
5352912
5353010
5353011
5354263
5354280
5354883
5355851
5355853
5355856
5356259
5357002
5362588
5362782
5362795
5362798
5362830
5362876
5362889
5362896
5363120
5363208
5363233
5363306
5363374
5363388
5363491
5363694
5363817
5363896
5364399
5364409
5364435
5364452
5364532
5364552
5364555
5364619
5364729
5364752
5364789
5364941
5365557
5365703
5365793
5365811
5365849
5365890
5365909
5365910
5365976
5365991
5366038
5366044
5366074
5366155
5366203
5366239
5366244
5366552
5366844
5366856
5367382
5367391
5367408
5367412
5367550
5367681
5367719
5367744
5367745
5367762
5367785
5367806
5367807
5368076
5368451
5368491
5368733
5368743
5368785
5368821
5369157
5369459
5370101
5370604
5371124
5373603
5373729
5374527
5379425
5463485
5463488
5463682
5463904
5463934
5752319
5835162
6008212
6019677
6114390
6321405
6325014
6365521
6365522
6386037
6427080
6427091
6427105
6427110
6427119
6427476
6427501
6428086
6428089
6428167
6428168
6428244
6428458
6428782
6428783
6428796
6428986
6429023
6429026
6429039
6429077
6429141
6429146
6429175
6429301
6429304
6429317
6429333
6430107
6430464
6430513
6430550
6430770
6430805
6430998
6431131
6431226
6431477
6432008
6432308
6432312
6432455
6432653
6433790
6434070
6436348
6436502
6436925
6440528
6444239
6450812
6852393
6993580
6997371
6999977
7076215
7311734
9548566
9576782
10503556
10504126
10899740
11160025
11389922
11586487
11953818
11967982
13240188
13918856
14709002
15939567
16129778
16211141
16211350
16211403
16211610
16211649
16213731
16217609
16218600
16218817
16219128
16220079
16220080
16220102
16220103
16220111
24715027
24775797
24850347
24886802
